Z:1 p:0.1 Number of Updates:5 Average Age of Information with penalty:0.09821 Average Age of Information without penalty:0.09821 Optimal interupdate times: [0.17855951 0.16078512 0.16065537 0.16065537 0.16078512 0.17855951] 

Z:2 p:0.1 Number of Updates:5 Average Age of Information with penalty:0.11265 Average Age of Information without penalty:0.09846 Optimal interupdate times: [0.19137505 0.15229824 0.1563267  0.1563267  0.15229824 0.19137505] 

Z:5 p:0.1 Number of Updates:5 Average Age of Information with penalty:0.15181 Average Age of Information without penalty:0.10728 Optimal interupdate times: [0.24973941 0.09004497 0.16021562 0.16021562 0.09004497 0.24973941] 

Z:10 p:0.1 Number of Updates:3 Average Age of Information with penalty:0.17878 Average Age of Information without penalty:0.14493 Optimal interupdate times: [3.39915831e-01 2.42102345e-16 1.60084169e-01 1.60084169e-01
 4.41161864e-16 3.39915831e-01] 

